951
513
179
650
901
574
390
241
318
782
804
443
500
193
456
287
668
74
799
580
283
472
432
522
842
749
573
870
140
615
108
55
840
75
508
448
88
192
915
507
649
577
596
910
184
995
925
785
20
978
23
64
845
29
752
176
420
987
648
860
484
366
306
565
24
717
916
559
230
278
134
903
868
216
309
368
661
107
683
156
174
200
450
225
898
684
307
10
113
430
680
561
180
924
245
152
470
351
963
772
722
750
160
672
614
261
492
447
254
114
801
465
609
353
769
859
907
258
787
234
155
506
16
950
5
876
905
311
689
666
526
627
734
678
831
828
664
872
602
883
741
777
31
285
735
756
398
340
538
214
705
346
584
738
115
926
371
499
700
549
91
878
468
409
164
121
592
92
99
49
267
639
520
435
395
663
654
296
519
771
550
808
116
806
289
921
560
120
553
394
820
416
992
662
389
28
911
111
613
786
365
206
226
491
236
889
839
557
320
867
733
715
951
765
423
212
775
224
857
125
13
913
451
433
780
96
524
794
653
454
972
922
686
14
229
552
533
862
83
716
611
599
643
104
112
994
232
141
567
996
382
323
253
695
847
732
934
719
783
671
993
973
610
829
900
438
259
591
590
231
275
15
295
330
558
669
966
511
555
985
483
721
482
299
358
888
977
310
251
495
521
761
293
778
47
757
90
834
656
703
811
621
797
641
871
63
676
344
321
69
328
968
784
255
634
286
300
988
431
696
130
445
148
147
805
999
874
667
956
78
349
396
544
598
838
211
462
222
893
605
228
375
46
997
779
502
728
235
984
539
350
86
150
223
646
317
581
131
833
32
308
36
659
652
332
237
791
710
919
477
509
246
991
603
469
531
80
339
597
961
190
576
68
625
0
530
457
207
227
964
143
385
197
594
204
637
297
391
645
563
397
338
205
345
22
850
273
959
814
936
305
271
146
325
460
589
208
248
941
788
962
748
263
803
586
548
65
729
127
386
137
944
459
694
209
853
169
601
400
25
616
983
12
518
411
849
60
967
957
461
359
270
27
40
8
166
547
362
379
745
249
848
517
747
122
393
566
149
463
357
421
284
825
479
392
776
413
773
494
890
417
554
39
851
378
178
879
274
496
388
81
527
632
523
256
175
196
525
48
642
830
210
54
239
38
651
84
800
260
478
974
449
946
100
67
425
215
429
693
247
600
759
279
302
541
546
493
102
929
418
673
355
781
238
217
767
489
529
819
126
826
264
674
852
138
923
809
201
920
37
342
562
843
737
474
326
42
415
280
136
640
770
708
931
869
410
630
914
976
844
822
855
556
604
515
697
403
123
909
528
376
464
301
789
440
57
856
195
240
471
437
699
568
718
490
933
579
71
896
938
18
158
612
535
21
764
153
835
242
441
588
534
628
337
56
902
503
139
742
894
812
906
504
476
727
183
886
199
824
875
170
743
313
585
618
571
405
124
4
35
681
971
912
864
644
419
428
917
85
882
677
607
636
823
706
887
578
873
927
336
698
532
712
723
685
159
106
816
802
774
512
324
960
810
94
939
542
930
436
969
488
583
726
453
277
655
9
790
364
481
70
452
497
908
177
998
897
363
455
77
202
291
399
186
109
766
793
319
792
827
768
119
3
617
846
374
724
807
818
154
281
975
59
105
569
702
282
34
312
854
406
401
2
414
817
331
858
87
144
570
796
954
690
837
50
619
884
51
638
244
352
442
942
545
813
17
932
866
744
675
322
7
79
730
304
370
62
218
298
182
243
943
990
191
315
487
877
266
620
262
373
467
329
885
713
595
151
161
82
76
762
97
536
361
739
354
622
377
167
188
45
128
593
892
52
564
11
314
947
623
294
73
19
937
692
157
658
427
514
670
501
272
635
660
498
754
163
303
753
986
751
626
711
383
714
904
58
836
44
181
731
165
940
505
631
402
288
290
327
841
61
381
758
516
918
466
606
194
736
89
587
233
384
861
117
101
372
687
746
608
551
367
43
679
316
981
93
276
948
53
404
219
899
133
407
171
334
369
221
347
880
118
510
475
439
172
444
142
343
989
865
187
30
110
952
173
1
408
955
624
213
540
412
145
980
720
486
537
348
98
480
709
95
725
965
292
691
458
935
707
633
132
387
335
426
970
665
72
629
760
129
168
162
380
360
66
895
41
575
572
647
